0 0.99 0.01 0
0.1 0.988963 0.010985 5.24245e-05
0.55 0.9829 0.0167399 0.000359868
1.20056 0.96831 0.0305825 0.00110764
1.75777 0.947044 0.050738 0.00221796
2.31498 0.913043 0.0829105 0.00404606
2.87219 0.860703 0.132299 0.00699775
3.4294 0.784644 0.203732 0.0116237
3.98661 0.682877 0.298554 0.0185695
4.57841 0.552734 0.418124 0.0291413
5.30546 0.386035 0.566876 0.0470888
6.0325 0.244202 0.685813 0.0699854
6.5564 0.167762 0.74348 0.0887579
7.06052 0.114239 0.77779 0.10797
7.56464 0.0767963 0.795376 0.127827
8.06876 0.0513375 0.800698 0.147964
8.57288 0.0343044 0.797574 0.168121
9.11421 0.0223286 0.78808 0.189592
9.69442 0.0141919 0.773556 0.212252
10.3276 0.00874706 0.754803 0.23645
11.0285 0.00519396 0.732295 0.262511
11.8154 0.002949 0.706237 0.290814
12.712 0.0015867 0.676607 0.321806
13.7497 0.000800169 0.643161 0.356039
14.9727 0.000373029 0.605421 0.394206
16.4453 0.000157958 0.562651 0.437191
18.2656 5.93985e-05 0.513798 0.486143
20.5915 1.92752e-05 0.457427 0.542554
23.6962 5.21818e-06 0.391668 0.608327
28.0968 1.14553e-06 0.314315 0.685684
34.4181 2.24259e-07 0.22914 0.77086
40.7394 6.5345e-08 0.167046 0.832954
47.0607 2.64638e-08 0.121779 0.878221
53.9105 1.30662e-08 0.086463 0.913537
61.1237 7.74184e-09 0.0602834 0.939717
68.7758 5.27732e-09 0.0411183 0.958882
76.9355 4.00664e-09 0.0273433 0.972657
85.6854 3.30089e-09 0.0176543 0.982346
95.1246 2.89031e-09 0.0110125 0.988988
105.374 2.64602e-09 0.00659679 0.993403
116.583 2.50041e-09 0.00376651 0.996233
128.942 2.41509e-09 0.0020304 0.99797
142.697 2.36681e-09 0.00102078 0.998979
158.174 2.34093e-09 0.000470911 0.999529
175.817 2.32805e-09 0.000195002 0.999805
196.25 2.32225e-09 7.03008e-05 0.99993
200 2.32169e-09 5.82825e-05 0.999942
